net,specienumber,fitness,connections,nodes,nmc,cmc,wmc,bmc,amc,C1,C2,C3,N
0,0,1.0,37,16,0.5,0.5,0.5,0.5,0.5,1.0,1.0,1.0,1.0
1,0,1.0,37,16,0.5,0.5,0.5,0.5,0.5,1.0,1.0,1.0,1.0
2,1,1.0,37,16,0.5,0.5,0.5,0.5,0.5,1.0,1.0,1.0,1.0
3,1,1.0,37,16,0.5,0.5,0.5,0.5,0.5,1.0,1.0,1.0,1.0
4,1,1.0,37,16,0.5,0.5,0.5,0.5,0.5,1.0,1.0,1.0,1.0
5,0,1.0,37,16,0.5,0.5,0.5,0.5,0.5,1.0,1.0,1.0,1.0
6,1,1.0,37,16,0.5,0.5,0.5,0.5,0.5,1.0,1.0,1.0,1.0
7,0,1.0,37,16,0.5,0.5,0.5,0.5,0.5,1.0,1.0,1.0,1.0
8,0,1.0,37,16,0.5,0.5,0.5,0.5,0.5,1.0,1.0,1.0,1.0
9,1,1.0,37,16,0.5,0.5,0.5,0.5,0.5,1.0,1.0,1.0,1.0
10,0,1.0,37,16,0.5,0.5,0.5,0.5,0.5,1.0,1.0,1.0,1.0
11,0,1.0,37,16,0.5,0.5,0.5,0.5,0.5,1.0,1.0,1.0,1.0
12,1,1.0,37,16,0.5,0.5,0.5,0.5,0.5,1.0,1.0,1.0,1.0
13,1,1.0,37,16,0.5,0.5,0.5,0.5,0.5,1.0,1.0,1.0,1.0
14,0,1.0,37,15,0.5,0.5,0.5,0.5,0.5,1.0,1.0,1.0,1.0
15,0,1.0,37,16,0.5,0.5,0.5,0.5,0.5,1.0,1.0,1.0,1.0
16,0,1.0,37,15,0.5,0.5,0.5,0.5,0.5,1.0,1.0,1.0,1.0
17,1,1.0,37,16,0.5,0.5,0.5,0.5,0.5,1.0,1.0,1.0,1.0
18,0,1.0,37,16,0.5,0.5,0.5,0.5,0.5,1.0,1.0,1.0,1.0
19,1,1.0,37,16,0.5,0.5,0.5,0.5,0.5,1.0,1.0,1.0,1.0
